1 42 193 190 41
2 193 194 191 190
3 194 39 37 192
4 194 192 191 0
5 39 186 181 37
6 186 187 182 181
7 187 40 38 183
8 187 183 182 0
9 32 170 341 33
10 170 169 342 341
11 169 168 339 342
12 168 167 343 339
13 167 36 344 343
14 36 175 345 344
15 175 176 340 345
16 176 177 346 340
17 177 178 347 346
18 178 30 29 347
19 339 343 348 342
20 343 344 349 348
21 344 345 350 349
22 345 340 346 350
23 342 348 351 341
24 348 349 352 351
25 349 350 354 353
26 350 346 347 354
27 341 351 174 33
28 351 352 173 174
29 352 353 172 173
30 353 354 171 172
31 354 347 29 171
32 349 353 352 0
33 189 41 190 363
34 190 191 365 363
35 191 192 364 365
36 192 37 180 364
37 180 179 368 364
38 179 30 178 368
39 364 368 369 365
40 368 178 177 369
41 365 369 366 363
42 369 177 176 366
43 176 175 370 366
44 175 36 166 370
45 366 370 367 363
46 370 166 165 367
47 165 35 188 367
48 367 188 189 363
49 180 37 181 357
50 357 181 182 356
51 356 182 183 355
52 183 38 184 355
53 184 185 358 355
54 185 34 159 358
55 159 158 360 358
56 158 31 149 360
57 358 360 359 355
58 360 149 148 359
59 148 147 361 359
60 147 146 362 361
61 146 30 179 362
62 359 361 356 355
63 361 362 357 356
64 362 179 180 357
65 30 146 313 29
66 146 147 314 313
67 147 148 311 314
68 148 149 315 311
69 149 31 316 315
70 31 150 317 316
71 150 151 312 317
72 151 152 318 312
73 152 153 319 318
74 153 32 33 319
75 311 315 320 314
76 315 316 321 320
77 316 317 322 321
78 317 312 318 322
79 314 320 323 313
80 320 321 324 323
81 321 322 326 325
82 322 318 319 326
83 313 323 157 29
84 323 324 156 157
85 324 325 155 156
86 325 326 154 155
87 326 319 33 154
88 321 325 324 0
89 162 26 145 336
90 336 145 144 337
91 337 144 143 333
92 143 142 335 333
93 142 28 163 335
94 163 164 338 335
95 164 35 165 338
96 335 338 334 333
97 338 165 166 334
98 166 36 167 334
99 334 167 168 333
100 168 169 337 333
101 169 170 336 337
102 170 32 162 336
103 161 27 137 329
104 329 137 136 327
105 136 135 331 327
106 135 134 330 331
107 134 26 162 330
108 162 32 153 330
109 330 153 152 331
110 331 152 151 327
111 151 150 328 327
112 150 31 158 328
113 158 159 332 328
114 159 34 160 332
115 328 332 329 327
116 332 160 161 329
117 21 124 285 22
118 124 123 286 285
119 123 122 283 286
120 122 121 287 283
121 121 25 288 287
122 25 129 289 288
123 129 130 284 289
124 130 131 290 284
125 131 132 291 290
126 132 19 18 291
127 283 287 292 286
128 287 288 293 292
129 288 289 294 293
130 289 284 290 294
131 286 292 295 285
132 292 293 296 295
133 293 294 298 297
134 294 290 291 298
135 285 295 128 22
136 295 296 127 128
137 296 297 126 127
138 297 298 125 126
139 298 291 18 125
140 293 297 296 0
141 130 129 309 305
142 129 25 120 309
143 120 119 310 309
144 119 24 140 310
145 309 310 306 305
146 310 140 141 306
147 141 28 142 306
148 306 142 143 305
149 143 144 308 305
150 144 145 307 308
151 145 26 133 307
152 133 19 132 307
153 307 132 131 308
154 308 131 130 305
155 138 139 304 302
156 139 23 113 304
157 302 304 303 299
158 304 113 112 303
159 112 20 103 303
160 303 103 102 299
161 102 101 300 299
162 101 100 301 300
163 100 19 133 301
164 133 26 134 301
165 301 134 135 300
166 300 135 136 299
167 136 137 302 299
168 137 27 138 302
169 19 100 257 18
170 100 101 258 257
171 101 102 255 258
172 102 103 259 255
173 103 20 260 259
174 20 104 261 260
175 104 105 256 261
176 105 106 262 256
177 106 107 263 262
178 107 21 22 263
179 255 259 264 258
180 259 260 265 264
181 260 261 266 265
182 261 256 262 266
183 258 264 267 257
184 264 265 268 267
185 265 266 270 269
186 266 262 263 270
187 257 267 111 18
188 267 268 110 111
189 268 269 109 110
190 269 270 108 109
191 270 263 22 108
192 265 269 268 0
193 116 15 99 280
194 280 99 98 281
195 281 98 97 277
196 97 96 279 277
197 96 17 117 279
198 117 118 282 279
199 118 24 119 282
200 279 282 278 277
201 282 119 120 278
202 120 25 121 278
203 278 121 122 277
204 122 123 281 277
205 123 124 280 281
206 124 21 116 280
207 115 16 91 273
208 273 91 90 271
209 90 89 275 271
210 89 88 274 275
211 88 15 116 274
212 116 21 107 274
213 274 107 106 275
214 275 106 105 271
215 105 104 272 271
216 104 20 112 272
217 112 113 276 272
218 113 23 114 276
219 272 276 273 271
220 276 114 115 273
221 10 78 229 11
222 78 77 230 229
223 77 76 227 230
224 76 75 231 227
225 75 14 232 231
226 14 83 233 232
227 83 84 228 233
228 84 85 234 228
229 85 86 235 234
230 86 8 7 235
231 227 231 236 230
232 231 232 237 236
233 232 233 238 237
234 233 228 234 238
235 230 236 239 229
236 236 237 240 239
237 237 238 242 241
238 238 234 235 242
239 229 239 82 11
240 239 240 81 82
241 240 241 80 81
242 241 242 79 80
243 242 235 7 79
244 237 241 240 0
245 84 83 253 249
246 83 14 74 253
247 74 73 254 253
248 73 13 94 254
249 253 254 250 249
250 254 94 95 250
251 95 17 96 250
252 250 96 97 249
253 97 98 252 249
254 98 99 251 252
255 99 15 87 251
256 87 8 86 251
257 251 86 85 252
258 252 85 84 249
259 92 93 248 246
260 93 12 70 248
261 246 248 247 243
262 248 70 69 247
263 69 9 56 247
264 247 56 55 243
265 55 54 244 243
266 54 53 245 244
267 53 8 87 245
268 87 15 88 245
269 245 88 89 244
270 244 89 90 243
271 90 91 246 243
272 91 16 92 246
273 8 53 197 7
274 53 54 198 197
275 54 55 195 198
276 55 56 199 195
277 56 9 200 199
278 9 57 201 200
279 57 58 196 201
280 58 59 202 196
281 59 60 203 202
282 60 10 11 203
283 195 199 204 198
284 199 200 205 204
285 200 201 206 205
286 201 196 202 206
287 198 204 207 197
288 204 205 208 207
289 205 206 210 209
290 206 202 203 210
291 197 207 64 7
292 207 208 63 64
293 208 209 62 63
294 209 210 61 62
295 210 203 11 61
296 205 209 208 0
297 67 4 52 221
298 221 52 51 220
299 220 51 50 219
300 50 6 71 219
301 71 72 222 219
302 72 13 73 222
303 73 74 224 222
304 74 14 75 224
305 222 224 223 219
306 224 75 76 223
307 76 77 225 223
308 77 78 226 225
309 78 10 68 226
310 223 225 220 219
311 225 226 221 220
312 226 68 67 221
313 1 46 52 4
314 46 45 51 52
315 45 3 6 50
316 45 50 51 0
317 66 5 49 211
318 49 48 213 211
319 48 47 212 213
320 47 4 67 212
321 67 68 216 212
322 68 10 60 216
323 212 216 217 213
324 216 60 59 217
325 213 217 214 211
326 217 59 58 214
327 58 57 218 214
328 57 9 69 218
329 214 218 215 211
330 218 69 70 215
331 70 12 65 215
332 215 65 66 211
333 2 44 49 5
334 44 43 48 49
335 43 1 4 47
336 43 47 48 0
