1 2 44 49 5
2 44 43 48 49
3 43 1 4 47
4 43 47 48 0
5 1 46 52 4
6 46 45 51 52
7 45 3 6 50
8 45 50 51 0
9 8 53 197 7
10 53 54 198 197
11 54 55 195 198
12 55 56 199 195
13 56 9 200 199
14 9 57 201 200
15 57 58 196 201
16 58 59 202 196
17 59 60 203 202
18 60 10 11 203
19 195 199 204 198
20 199 200 205 204
21 200 201 206 205
22 201 196 202 206
23 198 204 207 197
24 204 205 208 207
25 205 206 210 209
26 206 202 203 210
27 197 207 64 7
28 207 208 63 64
29 208 209 62 63
30 209 210 61 62
31 210 203 11 61
32 205 209 208 0
33 66 5 49 211
34 49 48 213 211
35 48 47 212 213
36 47 4 67 212
37 67 68 216 212
38 68 10 60 216
39 212 216 217 213
40 216 60 59 217
41 213 217 214 211
42 217 59 58 214
43 58 57 218 214
44 57 9 69 218
45 214 218 215 211
46 218 69 70 215
47 70 12 65 215
48 215 65 66 211
49 67 4 52 221
50 221 52 51 220
51 220 51 50 219
52 50 6 71 219
53 71 72 222 219
54 72 13 73 222
55 73 74 224 222
56 74 14 75 224
57 222 224 223 219
58 224 75 76 223
59 76 77 225 223
60 77 78 226 225
61 78 10 68 226
62 223 225 220 219
63 225 226 221 220
64 226 68 67 221
65 10 78 229 11
66 78 77 230 229
67 77 76 227 230
68 76 75 231 227
69 75 14 232 231
70 14 83 233 232
71 83 84 228 233
72 84 85 234 228
73 85 86 235 234
74 86 8 7 235
75 227 231 236 230
76 231 232 237 236
77 232 233 238 237
78 233 228 234 238
79 230 236 239 229
80 236 237 240 239
81 237 238 242 241
82 238 234 235 242
83 229 239 82 11
84 239 240 81 82
85 240 241 80 81
86 241 242 79 80
87 242 235 7 79
88 237 241 240 0
89 87 15 88 245
90 245 88 89 244
91 244 89 90 243
92 90 91 246 243
93 91 16 92 246
94 92 93 248 246
95 93 12 70 248
96 246 248 247 243
97 248 70 69 247
98 69 9 56 247
99 247 56 55 243
100 55 54 244 243
101 54 53 245 244
102 53 8 87 245
103 95 17 96 250
104 250 96 97 249
105 97 98 252 249
106 98 99 251 252
107 99 15 87 251
108 87 8 86 251
109 251 86 85 252
110 252 85 84 249
111 84 83 253 249
112 83 14 74 253
113 74 73 254 253
114 73 13 94 254
115 253 254 250 249
116 254 94 95 250
117 19 100 257 18
118 100 101 258 257
119 101 102 255 258
120 102 103 259 255
121 103 20 260 259
122 20 104 261 260
123 104 105 256 261
124 105 106 262 256
125 106 107 263 262
126 107 21 22 263
127 255 259 264 258
128 259 260 265 264
129 260 261 266 265
130 261 256 262 266
131 258 264 267 257
132 264 265 268 267
133 265 266 270 269
134 266 262 263 270
135 257 267 111 18
136 267 268 110 111
137 268 269 109 110
138 269 270 108 109
139 270 263 22 108
140 265 269 268 0
141 105 104 272 271
142 104 20 112 272
143 112 113 276 272
144 113 23 114 276
145 272 276 273 271
146 276 114 115 273
147 115 16 91 273
148 273 91 90 271
149 90 89 275 271
150 89 88 274 275
151 88 15 116 274
152 116 21 107 274
153 274 107 106 275
154 275 106 105 271
155 117 118 282 279
156 118 24 119 282
157 279 282 278 277
158 282 119 120 278
159 120 25 121 278
160 278 121 122 277
161 122 123 281 277
162 123 124 280 281
163 124 21 116 280
164 116 15 99 280
165 280 99 98 281
166 281 98 97 277
167 97 96 279 277
168 96 17 117 279
169 21 124 285 22
170 124 123 286 285
171 123 122 283 286
172 122 121 287 283
173 121 25 288 287
174 25 129 289 288
175 129 130 284 289
176 130 131 290 284
177 131 132 291 290
178 132 19 18 291
179 283 287 292 286
180 287 288 293 292
181 288 289 294 293
182 289 284 290 294
183 286 292 295 285
184 292 293 296 295
185 293 294 298 297
186 294 290 291 298
187 285 295 128 22
188 295 296 127 128
189 296 297 126 127
190 297 298 125 126
191 298 291 18 125
192 293 297 296 0
193 133 26 134 301
194 301 134 135 300
195 300 135 136 299
196 136 137 302 299
197 137 27 138 302
198 138 139 304 302
199 139 23 113 304
200 302 304 303 299
201 304 113 112 303
202 112 20 103 303
203 303 103 102 299
204 102 101 300 299
205 101 100 301 300
206 100 19 133 301
207 141 28 142 306
208 306 142 143 305
209 143 144 308 305
210 144 145 307 308
211 145 26 133 307
212 133 19 132 307
213 307 132 131 308
214 308 131 130 305
215 130 129 309 305
216 129 25 120 309
217 120 119 310 309
218 119 24 140 310
219 309 310 306 305
220 310 140 141 306
221 30 146 313 29
222 146 147 314 313
223 147 148 311 314
224 148 149 315 311
225 149 31 316 315
226 31 150 317 316
227 150 151 312 317
228 151 152 318 312
229 152 153 319 318
230 153 32 33 319
231 311 315 320 314
232 315 316 321 320
233 316 317 322 321
234 317 312 318 322
235 314 320 323 313
236 320 321 324 323
237 321 322 326 325
238 322 318 319 326
239 313 323 157 29
240 323 324 156 157
241 324 325 155 156
242 325 326 154 155
243 326 319 33 154
244 321 325 324 0
245 151 150 328 327
246 150 31 158 328
247 158 159 332 328
248 159 34 160 332
249 328 332 329 327
250 332 160 161 329
251 161 27 137 329
252 329 137 136 327
253 136 135 331 327
254 135 134 330 331
255 134 26 162 330
256 162 32 153 330
257 330 153 152 331
258 331 152 151 327
259 163 164 338 335
260 164 35 165 338
261 335 338 334 333
262 338 165 166 334
263 166 36 167 334
264 334 167 168 333
265 168 169 337 333
266 169 170 336 337
267 170 32 162 336
268 162 26 145 336
269 336 145 144 337
270 337 144 143 333
271 143 142 335 333
272 142 28 163 335
273 32 170 341 33
274 170 169 342 341
275 169 168 339 342
276 168 167 343 339
277 167 36 344 343
278 36 175 345 344
279 175 176 340 345
280 176 177 346 340
281 177 178 347 346
282 178 30 29 347
283 339 343 348 342
284 343 344 349 348
285 344 345 350 349
286 345 340 346 350
287 342 348 351 341
288 348 349 352 351
289 349 350 354 353
290 350 346 347 354
291 341 351 174 33
292 351 352 173 174
293 352 353 172 173
294 353 354 171 172
295 354 347 29 171
296 349 353 352 0
297 180 37 181 357
298 357 181 182 356
299 356 182 183 355
300 183 38 184 355
301 184 185 358 355
302 185 34 159 358
303 159 158 360 358
304 158 31 149 360
305 358 360 359 355
306 360 149 148 359
307 148 147 361 359
308 147 146 362 361
309 146 30 179 362
310 359 361 356 355
311 361 362 357 356
312 362 179 180 357
313 39 186 181 37
314 186 187 182 181
315 187 40 38 183
316 187 183 182 0
317 189 41 190 363
318 190 191 365 363
319 191 192 364 365
320 192 37 180 364
321 180 179 368 364
322 179 30 178 368
323 364 368 369 365
324 368 178 177 369
325 365 369 366 363
326 369 177 176 366
327 176 175 370 366
328 175 36 166 370
329 366 370 367 363
330 370 166 165 367
331 165 35 188 367
332 367 188 189 363
333 42 193 190 41
334 193 194 191 190
335 194 39 37 192
336 194 192 191 0
